105813208062
107506709042
108600009031
110018008086
112442409035
112672008081
114545409082
115717407023
118916407025
120895308076
121907208069
124419409042
126921809079
127112807049
128610007029
132532608030
135998308092
137922807067
138395107074
140235709056
142386409028
147262309011
147644809035
150684608060
150859709070
151177809035
151668109019
152245709096
152944509064
153146208065
154325207074
155464808028
155855207092
162085109095
162210108017
164714109021
164756609033
165361207042
166629408015
171986409005
172541207014
176220209037
178068109040
178528008086
180652909005
183589408010
183821607033
184724708094
187119307043
194211509053
195704809002
197362708066
199186207038
200287008009
202120008073
204213908021
206039809012
207914009044
208354307047
208441907072
209815809041
210207808055
213774207032
215873507056
216120009055
217316107068
217401409006
218910108008
225484207091
225971407048
232839009042
234117307069
235101507034
235987408005
243189409043
243594907044
244094307010
251418407092
251607207057
253152008032
255869807008
256197108033
257788308047
258215809085
258377409000
259310109056
259657708030
264786609041
267520408082
267558309070
268620208058
273499209063
274348707058
274357209081
276677108095
279944807062
285360008088
285582708064
286920109045
287819508079
288733109004
290584009012
294038409028
294149608014
294921809070
299520309064
299758907085
304345807015
305857907079
306113708037
306894607075
307550707065
311762008065
312808107061
314877907015
317283108022
319173608088
320155307032
320451307025
327109009098
329879608044
332022609023
334370807002
335709509047
336682407069
339603008008
341170209008
342955209058
344847608079
345837008023
347414909066
348157309034
349245607032
350052808055
354771007097
355798707073
359638609007
361223909012
361630407016
364640508032
368419608097
368460808048
369117708025
374320809044
384077907061
386090209077
386139909084
387059107015
392858908012
396562907019
396798309075
404960108018
408271707005
409513108059
409838108017
411565507093
412159507091
413881107094
414954509074
418834608006
419777009075
420321108012
421736107031
423500107069
428711009010
430386307063
433775509090
435306209055
438868409056
440392509029
444239907061
450587908095
451275908058
453170508019
458643709046
459849907074
461633307018
462009308010
462359407056
463676707049
464946009063
465363809018
471035309089
474126908090
475568407057
476386408001
479186808008
480291809068
480786009061
482395709032
484523609036
486846109078
487177807040
487352508097
488375607095
489982709039
493942509041
497802308046
498021707047
500027008006
500942708016
506677009006
508244107098
508315808086
508494208034
509030007036
510165607064
511289607035
511383909003
512727908092
513796409029
514354409003
516144808097
517217008052
517391309098
518544708074
520777509055
522439607048
524801107082
524908709075
531330707045
531558009009
536749207023
537030508069
537150507036
538977108047
543068207035
545082509093
548733209071
551610208048
553363109099
553557209092
554537508000
554887607018
556148609083
558674909002
562862008090
572005009048
573685909099
577681509025
578658608021
581642209078
582573509041
582692508018
586894807025
592119507000
593915307095
594061108070
595363708014
597899708092
599172209058
599894807042
602103909059
605442309026
606302508054
607661807030
610936509015
611491507059
614434008078
615924509084
619690109070
623690708076
628185309013
628768009087
638054107094
639945908007
645387209041
647731909087
650615908050
651237409047
656188707005
658346208040
659423108043
661418808008
663301609062
665712109074
666075307023
666135208027
670030109030
673011309012
678014608007
678203207038
679143507055
688053607074
689606508052
690679309034
691159907018
695850709073
695890009060
699256509059
700104107031
701184408051
703666107080
705145008008
709054409083
710277907039
712912308037
713507207076
713978708041
717501707026
718016809067
718255709089
732650909067
735226609003
737758809002
737782608053
741061507082
742319608028
743254207034
744213909012
752744509047
756489708066
757476408046
764041108011
767223708075
772421507017
783799609034
784644409041
795718209082
797996108060
808191007068
808537807060
809336909090
810030409081
810162808034
811353308052
812961507084
812977608078
813165608086
820853408095
821324907078
823056907092
830468207097
833698909093
834424407088
835384007081
838231407085
838508507063
839794607024
846156209017
854991107077
857431107086
858287209026
858664209029
859189507015
870819609011
876859409031
878639207031
882179107030
883875408072
884282009065
886591309011
887720808070
888585409044
890654708079
890902107067
891144107099
891216709091
894143507033
897362707058
901777307080
903789609045
908723408073
910363509097
911460908099
914249009047
914619708059
916917207091
919362907078
920990607082
927528809009
928536907095
930065707089
934242109044
936223608017
936520707043
939294008079
940501209059
941728107024
953210507089
953808508064
963851707043
965013508082
966664709087
967431209060
968137907083
972419108093
973893909028
974226409009
981270609025
984064907068
985224109015
986683909018
988916509049
989616107024
990266709007
994434707046
996493209087
999674307064
999847108078
