120895308076
126921809079
132532608030
147262309011
150684608060
150859709070
176220209037
178068109040
178528008086
194211509053
199186207038
206039809012
209815809041
210207808055
217401409006
234117307069
235101507034
235987408005
243189409043
259310109056
259657708030
273499209063
287819508079
288733109004
290584009012
305857907079
314877907015
342955209058
344847608079
347414909066
350052808055
359638609007
386090209077
386139909084
392858908012
396798309075
408271707005
409513108059
414954509074
438868409056
444239907061
453170508019
462359407056
474126908090
475568407057
480786009061
508244107098
511289607035
514354409003
517391309098
520777509055
524908709075
537150507036
543068207035
554887607018
573685909099
578658608021
582692508018
602103909059
611491507059
615924509084
628768009087
645387209041
647731909087
650615908050
651237409047
663301609062
673011309012
688053607074
699256509059
700104107031
703666107080
735226609003
767223708075
772421507017
783799609034
784644409041
808191007068
812961507084
813165608086
821324907078
830468207097
838508507063
846156209017
883875408072
886591309011
887720808070
888585409044
891216709091
910363509097
914249009047
927528809009
963851707043
966664709087
972419108093
984064907068
985224109015
989616107024
994434707046
996493209087
