110018008086
114545409082
128610007029
135998308092
138395107074
152944509064
183821607033
197362708066
200287008009
204213908021
207914009044
213774207032
215873507056
217316107068
225971407048
232839009042
251607207057
253152008032
255869807008
264786609041
274348707058
274357209081
276677108095
285360008088
285582708064
294921809070
299520309064
299758907085
306894607075
312808107061
320451307025
334370807002
335709509047
339603008008
349245607032
361630407016
364640508032
396562907019
411565507093
412159507091
423500107069
430386307063
435306209055
450587908095
462009308010
465363809018
482395709032
487352508097
488375607095
493942509041
500027008006
506677009006
513796409029
518544708074
531330707045
536749207023
537030508069
545082509093
554537508000
558674909002
586894807025
595363708014
597899708092
599894807042
606302508054
610936509015
619690109070
623690708076
628185309013
638054107094
639945908007
656188707005
658346208040
659423108043
666075307023
666135208027
678014608007
691159907018
705145008008
710277907039
712912308037
718016809067
732650909067
742319608028
743254207034
756489708066
757476408046
764041108011
810030409081
854991107077
858287209026
884282009065
891144107099
920990607082
936520707043
939294008079
941728107024
953210507089
974226409009
981270609025
