107506709042
112442409035
118916407025
121907208069
124419409042
137922807067
142386409028
147644809035
155464808028
165361207042
166629408015
171986409005
172541207014
183589408010
195704809002
202120008073
208354307047
208441907072
216120009055
218910108008
225484207091
244094307010
251418407092
279944807062
286920109045
294038409028
294149608014
304345807015
311762008065
320155307032
327109009098
345837008023
354771007097
355798707073
368460808048
374320809044
404960108018
409838108017
418834608006
419777009075
420321108012
428711009010
433775509090
440392509029
459849907074
461633307018
463676707049
471035309089
476386408001
479186808008
480291809068
487177807040
497802308046
510165607064
512727908092
548733209071
553363109099
556148609083
577681509025
581642209078
594061108070
599172209058
605442309026
607661807030
665712109074
678203207038
690679309034
695850709073
709054409083
713507207076
713978708041
717501707026
737758809002
752744509047
808537807060
809336909090
811353308052
833698909093
834424407088
839794607024
857431107086
858664209029
859189507015
876859409031
878639207031
890654708079
894143507033
897362707058
901777307080
903789609045
914619708059
916917207091
919362907078
928536907095
930065707089
936223608017
940501209059
953808508064
973893909028
988916509049
