105813208062
108600009031
112672008081
115717407023
127112807049
140235709056
151177809035
151668109019
152245709096
153146208065
154325207074
155855207092
162085109095
162210108017
164714109021
164756609033
180652909005
184724708094
187119307043
243594907044
256197108033
257788308047
258215809085
258377409000
267520408082
267558309070
268620208058
306113708037
307550707065
317283108022
319173608088
329879608044
332022609023
336682407069
341170209008
348157309034
361223909012
368419608097
369117708025
384077907061
387059107015
413881107094
421736107031
451275908058
458643709046
464946009063
484523609036
486846109078
489982709039
498021707047
500942708016
508315808086
508494208034
509030007036
511383909003
516144808097
517217008052
522439607048
524801107082
531558009009
538977108047
551610208048
553557209092
562862008090
572005009048
582573509041
592119507000
593915307095
614434008078
661418808008
670030109030
679143507055
689606508052
695890009060
701184408051
718255709089
737782608053
741061507082
744213909012
795718209082
797996108060
810162808034
812977608078
820853408095
823056907092
835384007081
838231407085
870819609011
882179107030
890902107067
908723408073
911460908099
934242109044
965013508082
967431209060
968137907083
986683909018
990266709007
999674307064
999847108078
